100
0 272 975 818 424 27 490 310 557 887 690 439 305 829 508 283 47 321 301 838 956 906 847 352 965 12 808 426 701 829 176 380 729 497 33 260 19 999 561 729 558 811 801 75 458 510 512 138 38 589 838 208 257 887 919 101 785 666 960 433 56 554 495 946 216 189 761 879 511 978 314 819 210 12 805 868 415 927 852 947 74 200 919 839 308 619 935 634 209 638 182 772 395 378 965 324 480 930 611 124 
272 0 562 385 477 789 873 400 161 251 293 936 366 207 272 199 806 141 280 388 235 727 709 105 140 435 746 416 36 169 948 29 257 165 655 569 205 381 336 618 348 574 230 316 910 132 775 355 588 846 770 205 786 281 987 166 133 937 162 314 577 861 680 918 402 701 697 603 477 853 809 230 475 116 393 971 973 868 753 367 978 217 999 6 380 920 366 850 478 320 519 236 88 509 952 357 172 553 425 686 
975 562 0 698 397 931 725 75 281 971 933 864 286 399 852 515 437 14 252 634 195 596 309 322 150 522 75 293 743 675 27 117 668 195 741 895 722 364 915 104 596 380 355 717 376 730 359 562 415 485 129 989 981 851 618 33 315 696 849 736 721 177 337 13 919 392 619 724 269 991 743 744 716 659 117 295 461 390 555 307 188 909 749 911 278 531 180 804 234 795 901 793 723 12 818 860 901 224 291 63 
818 385 698 0 798 929 672 603 818 473 625 182 182 247 638 564 112 808 149 892 12 660 921 259 245 996 298 62 156 363 732 886 739 126 258 17 597 312 890 115 606 713 209 788 110 193 927 772 874 728 287 850 631 487 694 40 416 303 631 964 551 434 259 542 878 356 340 713 81 702 512 533 708 293 722 748 336 947 469 794 683 639 851 525 512 87 475 817 737 942 20 548 565 658 707 902 291 397 89 109 
424 477 397 798 0 185 886 377 942 78 154 346 524 82 254 632 718 674 938 653 884 156 959 365 485 924 166 705 687 179 488 910 69 475 958 578 979 773 677 450 250 393 60 984 1 890 679 115 658 505 447 229 319 585 228 193 165 618 252 54 78 299 208 826 168 850 776 604 732 833 712 619 986 258 401 468 887 830 218 935 154 563 811 437 446 153 244 308 399 186 103 760 45 158 520 538 350 367 206 93 
27 789 931 929 185 0 793 876 52 499 511 798 793 351 520 896 886 40 966 755 902 267 108 333 379 988 159 115 247 840 934 111 756 454 390 295 233 491 20 743 383 630 6 472 277 513 859 8 729 899 485 917 417 628 768 126 235 436 239 825 35 237 720 639 672 705 292 431 466 574 90 593 819 475 475 53 116 361 891 6 415 309 924 10 277 158 322 56 35 376 59 55 646 418 999 351 450 353 78 899 
490 873 725 672 886 793 0 738 440 906 516 295 824 555 247 599 223 225 663 834 589 921 316 227 416 85 574 228 662 262 70 483 573 596 976 93 178 3 745 509 911 799 724 575 591 900 881 245 554 296 271 109 386 541 445 240 488 796 256 489 71 919 262 172 624 956 772 833 488 738 142 462 938 922 154 44 216 595 510 790 733 565 50 180 69 871 532 111 188 826 1 119 503 926 346 766 410 755 519 526 
310 400 75 603 377 876 738 0 518 190 785 307 793 56 869 314 662 944 810 3 867 916 343 615 534 824 238 62 449 763 833 640 585 2 165 143 100 289 724 852 624 480 298 775 477 3 259 623 419 881 787 670 784 63 218 209 402 739 944 937 134 626 706 803 470 690 881 405 185 82 420 517 690 162 827 628 310 392 833 34 901 564 368 409 642 538 672 777 219 781 964 612 828 57 292 182 833 163 588 280 
557 161 281 818 942 52 440 518 0 682 679 761 252 924 610 46 448 743 478 831 631 248 973 6 58 317 902 421 766 453 537 930 380 243 119 593 575 878 612 302 121 736 256 31 12 258 227 749 444 949 341 815 926 123 118 878 484 616 340 910 43 701 620 2 163 815 306 533 409 731 858 961 904 213 9 632 178 153 37 660 50 427 882 873 660 515 828 691 375 268 464 709 699 685 869 664 107 105 336 562 
887 251 971 473 78 499 906 190 682 0 332 842 547 33 33 106 562 901 155 787 891 26 524 200 434 619 391 540 962 270 848 729 308 911 454 249 349 327 383 398 748 57 418 990 948 108 134 130 562 691 374 672 267 18 352 18 749 188 107 836 5 171 641 578 133 335 52 764 946 124 988 707 310 715 167 77 356 103 661 329 483 983 692 41 664 734 840 152 6 43 220 968 458 470 722 121 224 525 460 924 
690 293 933 625 154 511 516 785 679 332 0 975 714 543 368 413 965 502 127 690 457 891 871 421 487 388 649 210 797 723 204 10 374 966 26 259 570 278 984 691 549 870 152 774 285 695 440 474 955 176 893 695 337 127 448 301 632 368 782 853 152 360 95 589 492 9 421 361 602 126 128 471 3 903 393 707 143 314 712 535 561 960 654 941 834 296 477 869 773 363 846 371 272 136 474 397 834 235 96 549 
439 936 864 182 346 798 295 307 761 842 975 0 19 105 628 122 403 999 315 361 524 297 293 862 182 55 608 823 962 951 500 500 394 728 576 166 354 658 716 515 565 554 913 30 596 878 692 30 995 829 915 352 188 166 620 946 144 284 685 360 65 469 386 589 900 246 628 461 321 958 518 246 771 106 262 434 239 940 247 207 149 485 116 116 619 66 654 305 896 497 336 396 206 53 725 361 225 319 387 510 
305 366 286 182 524 793 824 793 252 547 714 19 0 619 900 106 518 66 251 457 221 576 802 150 686 556 285 759 317 27 768 681 280 816 571 136 403 178 329 37 463 422 581 159 187 819 764 825 687 585 776 737 670 959 208 781 528 38 372 18 244 945 270 513 637 402 801 987 274 694 552 761 568 673 685 578 992 222 59 752 730 394 294 268 92 470 918 443 621 337 714 188 211 35 193 285 768 880 115 119 
829 207 399 247 82 351 555 56 924 33 543 105 619 0 729 597 198 269 974 86 713 203 255 845 520 85 254 679 841 937 18 907 924 168 872 922 704 287 356 280 181 458 691 1 660 480 313 453 770 849 6 92 572 914 324 439 704 746 685 153 678 960 403 403 244 909 18 787 363 663 442 390 508 20 245 637 413 149 197 351 795 722 806 247 790 122 175 75 597 784 879 452 894 875 232 9 514 547 19 452 
508 272 852 638 254 520 247 869 610 33 368 628 900 729 0 130 786 59 800 869 280 498 591 571 726 373 509 27 28 752 433 524 159 609 148 807 973 115 142 600 946 310 304 1 687 659 361 77 252 618 668 786 274 342 188 359 939 62 267 642 634 640 455 155 283 53 783 568 814 895 308 133 165 71 790 794 458 151 281 893 980 559 681 5 764 493 477 27 440 309 689 643 334 694 247 88 77 757 825 338 
283 199 515 564 632 896 599 314 46 106 413 122 106 597 130 0 127 352 964 255 842 572 98 410 916 728 108 699 417 545 47 896 637 493 35 649 805 184 969 457 245 960 263 553 249 997 847 400 263 237 448 952 819 294 178 387 841 452 60 838 731 465 900 258 504 907 160 724 337 380 820 938 609 513 885 8 32 675 547 265 894 530 22 836 861 546 111 291 736 8 80 878 621 633 100 109 300 330 878 378 
47 806 437 112 718 886 223 662 448 562 965 403 518 198 786 127 0 660 20 485 562 593 649 421 930 383 118 145 465 220 634 273 746 56 458 898 112 832 905 638 212 906 586 633 498 287 175 940 958 928 844 728 234 291 292 502 828 187 273 789 360 563 581 115 542 17 989 71 863 285 680 129 258 930 288 607 894 50 685 621 841 19 427 841 678 318 190 282 833 51 919 552 533 974 822 185 112 86 721 878 
321 141 14 808 674 40 225 944 743 901 502 999 66 269 59 352 660 0 588 174 492 470 658 966 728 857 596 900 527 721 624 331 960 440 848 19 714 445 98 707 456 230 593 624 639 645 366 125 61 104 350 702 928 106 882 609 319 543 923 76 793 964 334 793 664 65 323 658 463 197 604 815 311 345 974 414 133 585 243 523 241 446 438 802 797 406 423 578 700 749 223 935 399 603 818 57 384 782 104 32 
301 280 252 149 938 966 663 810 478 155 127 315 251 974 800 964 20 588 0 61 69 359 757 333 743 535 966 634 416 902 397 518 136 768 128 536 64 998 320 933 885 666 167 486 411 352 100 789 582 219 654 754 316 591 41 600 200 759 630 898 874 934 184 375 924 681 857 403 897 352 5 309 485 49 181 221 288 434 422 175 781 320 170 816 523 358 700 413 809 556 678 303 27 748 848 519 493 141 99 485 
838 388 634 892 653 755 834 3 831 787 690 361 457 86 869 255 485 174 61 0 852 851 127 140 10 393 513 996 61 790 851 860 220 485 744 146 593 139 292 695 994 259 710 452 257 183 679 481 643 537 680 690 796 290 509 364 642 743 225 227 877 768 739 989 64 17 870 264 360 639 500 201 302 27 249 776 80 300 293 21 703 86 156 158 325 686 295 145 293 173 703 556 415 344 762 134 404 443 366 918 
956 235 195 12 884 902 589 867 631 891 457 524 221 713 280 842 562 492 69 852 0 978 591 731 105 5 442 943 528 132 584 826 318 727 227 807 645 555 482 756 671 996 378 58 650 473 716 722 887 656 116 773 84 731 750 521 8 899 316 767 986 176 949 944 182 94 825 838 337 531 548 288 756 112 878 126 1 376 908 346 868 162 12 560 957 624 96 125 735 907 480 219 57 901 532 238 842 505 970 778 
906 727 596 660 156 267 921 916 248 26 891 297 576 203 498 572 593 470 359 851 978 0 846 423 775 11 239 125 422 67 123 176 372 287 723 586 335 118 162 788 433 728 339 276 994 123 867 918 495 419 559 589 179 284 8 324 82 569 183 444 379 569 560 445 980 919 722 719 113 765 544 680 396 636 294 778 543 826 372 966 423 128 613 300 589 533 281 254 13 336 276 204 945 243 478 687 632 146 358 677 
847 709 309 921 959 108 316 343 973 524 871 293 802 255 591 98 649 658 757 127 591 846 0 597 743 379 83 236 684 903 111 234 4 551 708 330 328 711 516 366 433 151 555 934 4 431 263 144 25 468 525 53 792 153 103 66 220 962 901 637 828 291 695 800 654 607 729 652 709 387 441 901 11 528 497 640 795 389 409 220 175 548 110 791 611 448 759 621 888 18 766 703 154 608 79 403 301 770 546 850 
352 105 322 259 365 333 227 615 6 200 421 862 150 845 571 410 421 966 333 140 731 423 597 0 88 196 403 809 822 150 475 948 256 511 348 644 280 358 316 23 81 217 539 591 165 294 636 166 67 233 333 224 991 95 193 813 998 122 854 729 349 574 207 904 255 785 917 514 650 565 345 545 2 252 457 527 392 363 191 579 700 163 256 73 901 659 833 452 110 172 574 927 194 586 537 773 388 628 275 351 
965 140 150 245 485 379 416 534 58 434 487 182 686 520 726 916 930 728 743 10 105 775 743 88 0 723 862 520 384 699 173 56 209 837 423 837 327 114 426 770 983 728 767 157 104 608 177 266 492 88 799 433 449 377 475 706 300 260 764 692 389 428 226 199 637 493 695 508 211 289 73 721 415 695 149 174 131 210 594 758 540 85 645 990 250 66 791 221 933 745 613 39 633 762 879 77 839 677 30 257 
12 435 522 996 924 988 85 824 317 619 388 55 556 85 373 728 383 857 535 393 5 11 379 196 723 0 665 934 780 82 250 152 358 822 118 553 707 404 11 366 786 627 919 426 265 752 447 991 377 657 17 805 629 608 269 231 699 268 343 84 648 550 996 172 173 167 679 402 623 481 469 435 507 688 27 153 809 561 662 934 846 373 665 583 594 232 404 723 601 446 326 493 602 146 391 153 399 593 52 246 
808 746 75 298 166 159 574 238 902 391 649 608 285 254 509 108 118 596 966 513 442 239 83 403 862 665 0 74 193 905 123 120 642 562 67 961 231 625 235 36 538 526 247 919 515 944 445 657 623 719 447 195 418 191 819 464 614 295 699 16 69 734 184 956 482 746 513 287 872 407 879 790 425 975 275 175 147 22 614 16 156 655 553 201 837 180 20 823 669 699 901 433 360 995 98 780 127 822 962 374 
426 416 293 62 705 115 228 62 421 540 210 823 759 679 27 699 145 900 634 996 943 125 236 809 520 934 74 0 121 905 179 774 237 12 68 355 943 585 174 51 924 688 544 621 202 167 727 355 718 973 118 930 248 356 70 176 422 257 11 635 133 240 769 480 896 659 952 279 845 813 191 759 538 998 279 483 35 986 841 165 652 57 734 142 432 902 229 553 536 344 577 310 596 557 812 224 856 567 582 392 
701 36 743 156 687 247 662 449 766 962 797 962 317 841 28 417 465 527 416 61 528 422 684 822 384 780 193 121 0 721 908 657 164 525 992 340 636 180 496 585 579 481 309 668 125 545 154 830 148 362 203 110 460 917 830 194 948 290 412 730 564 358 899 290 512 544 900 635 957 12 779 707 355 743 719 759 160 536 248 456 20 918 574 576 577 34 652 724 419 297 890 502 489 674 837 732 479 376 378 198 
829 169 675 363 179 840 262 763 453 270 723 951 27 937 752 545 220 721 902 790 132 67 903 150 699 82 905 905 721 0 347 427 347 481 269 303 98 368 955 287 149 608 854 152 627 74 371 403 847 542 428 705 129 523 289 709 400 553 960 327 506 185 331 447 731 306 727 346 82 787 44 998 848 718 362 728 757 422 982 811 860 905 793 462 674 744 904 30 290 441 279 228 190 281 859 420 690 704 158 185 
176 948 27 732 488 934 70 833 537 848 204 500 768 18 433 47 634 624 397 851 584 123 111 475 173 250 123 179 908 347 0 534 31 981 399 361 740 479 843 778 367 774 966 563 602 553 644 504 643 709 525 36 816 783 836 361 293 312 417 210 527 613 659 541 635 950 145 527 954 764 415 738 779 335 704 851 343 975 450 216 221 895 214 987 20 247 233 175 754 485 36 98 745 576 130 14 868 560 611 611 
380 29 117 886 910 111 483 640 930 729 10 500 681 907 524 896 273 331 518 860 826 176 234 948 56 152 120 774 657 427 534 0 365 805 89 700 55 478 984 647 364 953 208 434 206 884 434 326 121 467 225 611 523 807 798 987 659 948 486 491 517 41 302 703 103 609 231 762 112 442 291 695 826 3 166 210 847 121 453 651 310 265 543 676 782 928 750 737 891 60 140 532 896 649 247 719 622 215 339 839 
729 257 668 739 69 756 573 585 380 308 374 394 280 924 159 637 746 960 136 220 318 372 4 256 209 358 642 237 164 347 31 365 0 799 690 833 769 815 464 499 415 524 673 861 192 904 890 443 1 239 126 666 433 392 64 629 726 46 669 398 198 903 80 229 475 885 111 946 863 145 106 708 351 337 637 374 201 348 416 509 840 927 699 641 183 633 939 615 85 129 8 433 105 452 291 45 239 665 219 689 
497 165 195 126 475 454 596 2 243 911 966 728 816 168 609 493 56 440 768 485 727 287 551 511 837 822 562 12 525 481 981 805 799 0 1 947 317 819 541 512 532 634 554 8 541 644 276 6 176 898 718 414 292 887 44 236 995 158 631 296 557 657 123 960 151 647 26 886 917 980 735 604 103 5 356 375 385 682 813 755 704 984 601 58 749 358 267 180 791 897 190 391 416 459 545 117 671 929 211 548 
33 655 741 258 958 390 976 165 119 454 26 576 571 872 148 35 458 848 128 744 227 723 708 348 423 118 67 68 992 269 399 89 690 1 0 147 470 308 286 319 378 532 269 98 579 183 985 463 372 613 214 566 464 239 101 376 508 22 418 227 571 350 805 169 571 452 643 670 884 258 562 575 369 237 31 52 15 339 829 52 857 963 855 22 968 873 663 159 765 193 380 374 35 404 20 456 930 671 806 782 
260 569 895 17 578 295 93 143 593 249 259 166 136 922 807 649 898 19 536 146 807 586 330 644 837 553 961 355 340 303 361 700 833 947 147 0 751 10 957 293 920 446 527 445 798 864 144 97 362 886 481 619 561 506 456 970 975 592 809 468 220 402 681 372 693 213 400 798 521 214 325 713 96 365 751 700 59 963 314 650 734 641 915 90 851 300 993 868 964 136 558 346 220 461 435 180 69 251 511 660 
19 205 722 597 979 233 178 100 575 349 570 354 403 704 973 805 112 714 64 593 645 335 328 280 327 707 231 943 636 98 740 55 769 317 470 751 0 767 943 642 509 487 18 421 665 54 68 246 986 346 911 705 984 778 640 114 735 687 362 808 467 855 324 652 169 991 579 749 334 791 499 209 574 210 858 378 813 964 432 373 206 295 5 126 485 805 541 783 878 821 837 65 117 668 759 29 452 520 21 52 
999 381 364 312 773 491 3 289 878 327 278 658 178 287 115 184 832 445 998 139 555 118 711 358 114 404 625 585 180 368 479 478 815 819 308 10 767 0 212 617 204 652 427 305 566 989 43 498 737 253 636 601 654 575 394 519 638 490 628 769 951 756 406 529 960 784 767 840 221 479 909 996 408 725 15 739 41 948 474 85 90 170 828 413 821 377 741 632 993 448 345 61 119 237 69 232 746 465 678 861 
561 336 915 890 677 20 745 724 612 383 984 716 329 356 142 969 905 98 320 292 482 162 516 316 426 11 235 174 496 955 843 984 464 541 286 957 943 212 0 850 817 470 4 286 104 506 402 12 672 857 882 420 331 157 802 489 380 980 783 293 797 209 749 981 190 865 494 159 140 575 19 807 178 758 640 437 190 893 310 231 504 565 571 882 869 423 766 865 158 191 336 452 401 228 811 201 216 982 160 267 
729 618 104 115 450 743 509 852 302 398 691 515 37 280 600 457 638 707 933 695 756 788 366 23 770 366 36 51 585 287 778 647 499 512 319 293 642 617 850 0 6 469 71 812 197 467 628 285 710 600 802 675 509 795 757 459 44 654 427 984 408 677 374 602 450 33 752 271 648 830 800 164 784 799 702 11 635 114 222 281 116 869 148 947 281 969 173 155 636 101 32 106 955 368 115 511 457 482 799 703 
558 348 596 606 250 383 911 624 121 748 549 565 463 181 946 245 212 456 885 994 671 433 433 81 983 786 538 924 579 149 367 364 415 532 378 920 509 204 817 6 0 740 44 107 767 917 629 723 974 779 237 993 697 185 171 735 276 138 536 675 200 555 437 951 112 349 17 293 361 263 259 106 441 72 683 899 619 779 649 267 899 640 606 244 435 617 199 880 313 721 569 644 652 833 367 885 511 861 803 372 
811 574 380 713 393 630 799 480 736 57 870 554 422 458 310 960 906 230 666 259 996 728 151 217 728 627 526 688 481 608 774 953 524 634 532 446 487 652 470 469 740 0 166 630 69 550 847 548 233 922 689 264 370 195 408 154 12 399 617 242 873 425 136 598 965 988 790 828 414 454 239 691 932 140 563 50 245 935 112 399 606 444 971 192 731 290 745 781 271 8 394 209 340 334 647 661 248 537 919 425 
801 230 355 209 60 6 724 298 256 418 152 913 581 691 304 263 586 593 167 710 378 339 555 539 767 919 247 544 309 854 966 208 673 554 269 527 18 427 4 71 44 166 0 730 804 654 364 831 709 414 934 943 791 451 379 336 858 882 908 297 663 783 510 823 947 540 197 367 99 174 328 364 647 972 829 92 9 139 326 956 118 205 624 149 768 105 767 182 285 666 84 55 149 818 849 539 216 654 404 550 
75 316 717 788 984 472 575 775 31 990 774 30 159 1 1 553 633 624 486 452 58 276 934 591 157 426 919 621 668 152 563 434 861 8 98 445 421 305 286 812 107 630 730 0 734 469 541 887 200 504 775 499 64 903 951 785 728 448 383 266 648 736 771 731 367 789 714 218 505 571 635 707 939 561 162 110 783 711 368 616 803 893 321 378 493 182 339 22 628 82 600 327 732 39 520 394 74 347 520 26 
458 910 376 110 1 277 591 477 12 948 285 596 187 660 687 249 498 639 411 257 650 994 4 165 104 265 515 202 125 627 602 206 192 541 579 798 665 566 104 197 767 69 804 734 0 818 587 631 845 169 710 318 289 709 901 600 771 787 148 49 180 742 630 713 596 30 865 990 990 849 124 466 206 899 657 347 341 97 441 720 694 677 376 252 957 506 467 356 204 209 898 666 581 783 336 22 461 72 188 792 
510 132 730 193 890 513 900 3 258 108 695 878 819 480 659 997 287 645 352 183 473 123 431 294 608 752 944 167 545 74 553 884 904 644 183 864 54 989 506 467 917 550 654 469 818 0 739 752 933 192 625 262 262 366 252 675 924 717 421 568 458 464 812 86 263 877 183 649 399 409 82 115 6 139 198 216 260 771 79 919 34 1 939 106 529 671 673 813 663 354 217 64 680 381 171 691 763 132 10 415 
512 775 359 927 679 859 881 259 227 134 440 692 764 313 361 847 175 366 100 679 716 867 263 636 177 447 445 727 154 371 644 434 890 276 985 144 68 43 402 628 629 847 364 541 587 739 0 133 33 8 956 973 63 607 51 519 815 743 755 812 323 858 901 853 84 543 297 500 895 699 715 192 156 778 88 74 412 404 138 603 820 911 259 997 517 522 888 28 539 288 387 85 115 916 840 852 548 424 634 108 
138 355 562 772 115 8 245 623 749 130 474 30 825 453 77 400 940 125 789 481 722 918 144 166 266 991 657 355 830 403 504 326 443 6 463 97 246 498 12 285 723 548 831 887 631 752 133 0 925 908 798 169 64 6 168 519 335 317 972 341 181 767 690 64 950 195 367 672 682 894 667 92 854 876 243 968 537 505 60 183 955 913 313 408 107 46 145 255 43 119 604 902 846 778 649 378 336 703 848 364 
38 588 415 874 658 729 554 419 444 562 955 995 687 770 252 263 958 61 582 643 887 495 25 67 492 377 623 718 148 847 643 121 1 176 372 362 986 737 672 710 974 233 709 200 845 933 33 925 0 708 973 577 698 348 920 154 671 645 201 533 647 23 4 783 936 13 519 161 56 203 408 236 669 476 767 459 976 574 154 821 41 7 154 617 994 723 660 140 653 791 148 940 445 487 495 660 602 33 671 681 
589 846 485 728 505 899 296 881 949 691 176 829 585 849 618 237 928 104 219 537 656 419 468 233 88 657 719 973 362 542 709 467 239 898 613 886 346 253 857 600 779 922 414 504 169 192 8 908 708 0 725 208 608 200 445 452 189 165 717 487 273 497 663 891 95 416 96 637 333 96 431 24 411 90 549 235 732 520 480 743 372 98 92 776 167 953 662 282 515 740 284 224 18 615 21 603 478 128 540 70 
838 770 129 287 447 485 271 787 341 374 893 915 776 6 668 448 844 350 654 680 116 559 525 333 799 17 447 118 203 428 525 225 126 718 214 481 911 636 882 802 237 689 934 775 710 625 956 798 973 725 0 595 242 551 711 278 315 555 478 678 262 469 47 314 126 407 548 157 277 975 1 850 281 585 58 565 437 523 305 410 831 895 324 136 121 978 349 63 277 685 752 328 911 893 170 419 605 149 692 675 
208 205 989 850 229 917 109 670 815 672 695 352 737 92 786 952 728 702 754 690 773 589 53 224 433 805 195 930 110 705 36 611 666 414 566 619 705 601 420 675 993 264 943 499 318 262 973 169 577 208 595 0 678 266 963 119 810 755 787 720 151 8 87 823 528 950 431 663 601 308 758 702 760 784 119 896 618 304 863 830 702 620 501 445 188 39 456 872 75 153 736 512 469 735 762 76 948 719 546 114 
257 786 981 631 319 417 386 784 926 267 337 188 670 572 274 819 234 928 316 796 84 179 792 991 449 629 418 248 460 129 816 523 433 292 464 561 984 654 331 509 697 370 791 64 289 262 63 64 698 608 242 678 0 678 957 285 362 74 125 164 225 657 672 405 319 509 748 991 615 960 225 284 686 347 161 554 594 630 595 271 948 545 444 948 647 70 170 798 230 853 204 598 380 230 201 396 279 40 684 507 
887 281 851 487 585 628 541 63 123 18 127 166 959 914 342 294 291 106 591 290 731 284 153 95 377 608 191 356 917 523 783 807 392 887 239 506 778 575 157 795 185 195 451 903 709 366 607 6 348 200 551 266 678 0 558 82 580 183 961 623 988 214 46 995 898 476 51 895 587 243 449 420 413 896 919 856 740 857 255 460 712 763 331 236 408 913 472 155 685 408 524 625 870 215 572 853 781 968 212 105 
919 987 618 694 228 768 445 218 118 352 448 620 208 324 188 178 292 882 41 509 750 8 103 193 475 269 819 70 830 289 836 798 64 44 101 456 640 394 802 757 171 408 379 951 901 252 51 168 920 445 711 963 957 558 0 441 559 329 298 581 896 668 370 481 504 564 599 58 560 318 364 320 205 178 512 546 345 226 401 265 578 100 816 606 262 293 199 319 554 124 399 790 846 341 2 600 622 51 22 709 
101 166 33 40 193 126 240 209 878 18 301 946 781 439 359 387 502 609 600 364 521 324 66 813 706 231 464 176 194 709 361 987 629 236 376 970 114 519 489 459 735 154 336 785 600 675 519 519 154 452 278 119 285 82 441 0 160 510 413 50 896 926 10 192 699 741 322 854 455 586 623 560 795 572 132 762 5 293 139 387 914 626 487 489 626 680 427 767 267 204 101 248 232 587 629 280 907 373 486 551 
785 133 315 416 165 235 488 402 484 749 632 144 528 704 939 841 828 319 200 642 8 82 220 998 300 699 614 422 948 400 293 659 726 995 508 975 735 638 380 44 276 12 858 728 771 924 815 335 671 189 315 810 362 580 559 160 0 519 607 335 853 333 959 583 135 18 122 465 737 199 236 884 974 449 45 243 956 708 117 866 792 180 861 78 690 723 446 515 285 966 969 940 726 764 984 955 28 22 721 644 
666 937 696 303 618 436 796 739 616 188 368 284 38 746 62 452 187 543 759 743 899 569 962 122 260 268 295 257 290 553 312 948 46 158 22 592 687 490 980 654 138 399 882 448 787 717 743 317 645 165 555 755 74 183 329 510 519 0 634 318 110 181 499 354 361 617 826 234 196 677 188 829 869 586 728 432 711 155 217 124 500 352 837 304 808 577 656 572 825 471 97 418 811 683 534 126 870 425 551 721 
960 162 849 631 252 239 256 944 340 107 782 685 372 685 267 60 273 923 630 225 316 183 901 854 764 343 699 11 412 960 417 486 669 631 418 809 362 628 783 427 536 617 908 383 148 421 755 972 201 717 478 787 125 961 298 413 607 634 0 809 23 559 201 560 710 126 42 944 79 131 38 655 408 276 291 810 701 859 150 995 464 167 770 927 827 977 875 440 268 731 572 750 520 260 835 107 933 37 884 748 
433 314 736 964 54 825 489 937 910 836 853 360 18 153 642 838 789 76 898 227 767 444 637 729 692 84 16 635 730 327 210 491 398 296 227 468 808 769 293 984 675 242 297 266 49 568 812 341 533 487 678 720 164 623 581 50 335 318 809 0 284 434 883 912 270 552 788 197 306 103 359 617 467 913 569 274 973 351 41 961 871 589 115 442 908 468 801 906 659 442 20 147 92 762 359 177 26 204 387 4 
56 577 721 551 78 35 71 134 43 5 152 65 244 678 634 731 360 793 874 877 986 379 828 349 389 648 69 133 564 506 527 517 198 557 571 220 467 951 797 408 200 873 663 648 180 458 323 181 647 273 262 151 225 988 896 896 853 110 23 284 0 95 76 728 101 251 230 735 887 6 198 581 750 483 974 998 327 855 985 490 182 22 349 429 592 550 773 886 576 88 393 201 485 896 294 315 81 307 235 315 
554 861 177 434 299 237 919 626 701 171 360 469 945 960 640 465 563 964 934 768 176 569 291 574 428 550 734 240 358 185 613 41 903 657 350 402 855 756 209 677 555 425 783 736 742 464 858 767 23 497 469 8 657 214 668 926 333 181 559 434 95 0 433 932 493 784 150 81 962 202 476 550 839 818 382 477 187 21 759 231 151 816 466 596 106 867 524 864 497 897 618 655 271 878 597 290 30 459 324 963 
495 680 337 259 208 720 262 706 620 641 95 386 270 403 455 900 581 334 184 739 949 560 695 207 226 996 184 769 899 331 659 302 80 123 805 681 324 406 749 374 437 136 510 771 630 812 901 690 4 663 47 87 672 46 370 10 959 499 201 883 76 433 0 254 226 982 310 483 630 578 605 612 428 150 829 602 821 624 810 554 954 428 277 251 180 997 39 505 520 495 736 231 544 867 757 370 96 567 175 395 
946 918 13 542 826 639 172 803 2 578 589 589 513 403 155 258 115 793 375 989 944 445 800 904 199 172 956 480 290 447 541 703 229 960 169 372 652 529 981 602 951 598 823 731 713 86 853 64 783 891 314 823 405 995 481 192 583 354 560 912 728 932 254 0 892 869 513 305 609 489 969 664 700 56 121 376 948 729 536 346 394 531 529 932 662 265 457 342 898 793 11 863 567 574 911 275 696 777 633 371 
216 402 919 878 168 672 624 470 163 133 492 900 637 244 283 504 542 664 924 64 182 980 654 255 637 173 482 896 512 731 635 103 475 151 571 693 169 960 190 450 112 965 947 367 596 263 84 950 936 95 126 528 319 898 504 699 135 361 710 270 101 493 226 892 0 848 530 598 294 778 988 637 34 664 385 371 595 493 353 319 969 49 669 961 36 111 947 601 306 912 374 209 453 62 851 521 741 950 646 787 
189 701 392 356 850 705 956 690 815 335 9 246 402 909 53 907 17 65 681 17 94 919 607 785 493 167 746 659 544 306 950 609 885 647 452 213 991 784 865 33 349 988 540 789 30 877 543 195 13 416 407 950 509 476 564 741 18 617 126 552 251 784 982 869 848 0 275 502 878 400 412 42 577 236 39 359 422 126 661 950 298 884 807 889 993 327 698 537 960 485 481 128 263 59 170 52 440 733 217 445 
761 697 619 340 776 292 772 881 306 52 421 628 801 18 783 160 989 323 857 870 825 722 729 917 695 679 513 952 900 727 145 231 111 26 643 400 579 767 494 752 17 790 197 714 865 183 297 367 519 96 548 431 748 51 599 322 122 826 42 788 230 150 310 513 530 275 0 604 970 25 743 714 308 944 794 326 394 474 763 563 984 378 871 624 514 265 565 354 278 935 965 212 51 440 807 536 760 153 307 269 
879 603 724 713 604 431 833 405 533 764 361 461 987 787 568 724 71 658 403 264 838 719 652 514 508 402 287 279 635 346 527 762 946 886 670 798 749 840 159 271 293 828 367 218 990 649 500 672 161 637 157 663 991 895 58 854 465 234 944 197 735 81 483 305 598 502 604 0 237 607 561 626 490 599 530 474 694 702 808 704 149 94 20 755 14 55 250 800 257 620 364 119 432 356 203 987 712 742 711 401 
511 477 269 81 732 466 488 185 409 946 602 321 274 363 814 337 863 463 897 360 337 113 709 650 211 623 872 845 957 82 954 112 863 917 884 521 334 221 140 648 361 414 99 505 990 399 895 682 56 333 277 601 615 587 560 455 737 196 79 306 887 962 630 609 294 878 970 237 0 213 723 807 172 13 521 22 902 918 663 131 584 783 728 19 728 798 342 368 366 810 962 243 34 456 148 344 268 963 269 207 
978 853 991 702 833 574 738 82 731 124 126 958 694 663 895 380 285 197 352 639 531 765 387 565 289 481 407 813 12 787 764 442 145 980 258 214 791 479 575 830 263 454 174 571 849 409 699 894 203 96 975 308 960 243 318 586 199 677 131 103 6 202 578 489 778 400 25 607 213 0 557 633 557 522 833 426 48 48 870 288 900 101 291 825 74 79 112 171 427 420 549 654 814 243 27 705 73 465 80 610 
314 809 743 512 712 90 142 420 858 988 128 518 552 442 308 820 680 604 5 500 548 544 441 345 73 469 879 191 779 44 415 291 106 735 562 325 499 909 19 800 259 239 328 635 124 82 715 667 408 431 1 758 225 449 364 623 236 188 38 359 198 476 605 969 988 412 743 561 723 557 0 241 266 514 362 324 269 117 811 744 514 864 943 782 413 740 132 954 337 695 954 634 434 667 31 654 132 598 286 610 
819 230 744 533 619 593 462 517 961 707 471 246 761 390 133 938 129 815 309 201 288 680 901 545 721 435 790 759 707 998 738 695 708 604 575 713 209 996 807 164 106 691 364 707 466 115 192 92 236 24 850 702 284 420 320 560 884 829 655 617 581 550 612 664 637 42 714 626 807 633 241 0 325 750 275 192 90 678 189 259 138 756 171 2 449 793 157 502 290 867 890 616 655 695 701 511 961 267 705 583 
210 475 716 708 986 819 938 690 904 310 3 771 568 508 165 609 258 311 485 302 756 396 11 2 415 507 425 538 355 848 779 826 351 103 369 96 574 408 178 784 441 932 647 939 206 6 156 854 669 411 281 760 686 413 205 795 974 869 408 467 750 839 428 700 34 577 308 490 172 557 266 325 0 3 269 430 466 805 427 704 282 199 477 625 24 743 107 431 435 410 793 321 678 275 238 809 130 418 355 885 
12 116 659 293 258 475 922 162 213 715 903 106 673 20 71 513 930 345 49 27 112 636 528 252 695 688 975 998 743 718 335 3 337 5 237 365 210 725 758 799 72 140 972 561 899 139 778 876 476 90 585 784 347 896 178 572 449 586 276 913 483 818 150 56 664 236 944 599 13 522 514 750 3 0 35 79 315 966 930 872 189 493 772 913 688 571 493 444 963 907 704 623 353 249 284 875 826 554 152 41 
805 393 117 722 401 475 154 827 9 167 393 262 685 245 790 885 288 974 181 249 878 294 497 457 149 27 275 279 719 362 704 166 637 356 31 751 858 15 640 702 683 563 829 162 657 198 88 243 767 549 58 119 161 919 512 132 45 728 291 569 974 382 829 121 385 39 794 530 521 833 362 275 269 35 0 41 123 192 738 539 507 803 787 609 434 47 485 529 757 283 983 135 871 36 998 819 799 815 443 301 
868 971 295 748 468 53 44 628 632 77 707 434 578 637 794 8 607 414 221 776 126 778 640 527 174 153 175 483 759 728 851 210 374 375 52 700 378 739 437 11 899 50 92 110 347 216 74 968 459 235 565 896 554 856 546 762 243 432 810 274 998 477 602 376 371 359 326 474 22 426 324 192 430 79 41 0 999 612 650 75 102 993 381 687 790 923 251 942 891 241 16 568 645 112 505 689 229 579 674 992 
415 973 461 336 887 116 216 310 178 356 143 239 992 413 458 32 894 133 288 80 1 543 795 392 131 809 147 35 160 757 343 847 201 385 15 59 813 41 190 635 619 245 9 783 341 260 412 537 976 732 437 618 594 740 345 5 956 711 701 973 327 187 821 948 595 422 394 694 902 48 269 90 466 315 123 999 0 128 543 959 747 788 692 591 182 788 513 65 950 331 895 816 818 897 870 718 78 689 597 614 
927 868 390 947 830 361 595 392 153 103 314 940 222 149 151 675 50 585 434 300 376 826 389 363 210 561 22 986 536 422 975 121 348 682 339 963 964 948 893 114 779 935 139 711 97 771 404 505 574 520 523 304 630 857 226 293 708 155 859 351 855 21 624 729 493 126 474 702 918 48 117 678 805 966 192 612 128 0 836 668 726 926 690 240 266 567 112 987 73 953 276 688 297 383 853 243 899 772 90 137 
852 753 555 469 218 891 510 833 37 661 712 247 59 197 281 547 685 243 422 293 908 372 409 191 594 662 614 841 248 982 450 453 416 813 829 314 432 474 310 222 649 112 326 368 441 79 138 60 154 480 305 863 595 255 401 139 117 217 150 41 985 759 810 536 353 661 763 808 663 870 811 189 427 930 738 650 543 836 0 775 793 495 853 6 625 488 475 746 758 284 293 119 866 581 47 774 970 769 422 710 
947 367 307 794 935 6 790 34 660 329 535 207 752 351 893 265 621 523 175 21 346 966 220 579 758 934 16 165 456 811 216 651 509 755 52 650 373 85 231 281 267 399 956 616 720 919 603 183 821 743 410 830 271 460 265 387 866 124 995 961 490 231 554 346 319 950 563 704 131 288 744 259 704 872 539 75 959 668 775 0 126 161 634 216 857 199 916 311 355 750 938 778 282 8 391 323 782 741 149 988 
74 978 188 683 154 415 733 901 50 483 561 149 730 795 980 894 841 241 781 703 868 423 175 700 540 846 156 652 20 860 221 310 840 704 857 734 206 90 504 116 899 606 118 803 694 34 820 955 41 372 831 702 948 712 578 914 792 500 464 871 182 151 954 394 969 298 984 149 584 900 514 138 282 189 507 102 747 726 793 126 0 552 205 234 741 168 634 828 762 118 266 529 365 553 580 691 862 577 725 686 
200 217 909 639 563 309 565 564 427 983 960 485 394 722 559 530 19 446 320 86 162 128 548 163 85 373 655 57 918 905 895 265 927 984 963 641 295 170 565 869 640 444 205 893 677 1 911 913 7 98 895 620 545 763 100 626 180 352 167 589 22 816 428 531 49 884 378 94 783 101 864 756 199 493 803 993 788 926 495 161 552 0 713 517 820 279 70 178 669 772 646 927 28 536 847 22 919 135 72 598 
919 999 749 851 811 924 50 368 882 692 654 116 294 806 681 22 427 438 170 156 12 613 110 256 645 665 553 734 574 793 214 543 699 601 855 915 5 828 571 148 606 971 624 321 376 939 259 313 154 92 324 501 444 331 816 487 861 837 770 115 349 466 277 529 669 807 871 20 728 291 943 171 477 772 787 381 692 690 853 634 205 713 0 548 694 307 367 326 730 768 432 338 48 272 34 764 159 297 287 208 
839 6 911 525 437 10 180 409 873 41 941 116 268 247 5 836 841 802 816 158 560 300 791 73 990 583 201 142 576 462 987 676 641 58 22 90 126 413 882 947 244 192 149 378 252 106 997 408 617 776 136 445 948 236 606 489 78 304 927 442 429 596 251 932 961 889 624 755 19 825 782 2 625 913 609 687 591 240 6 216 234 517 548 0 627 44 901 219 181 20 121 764 987 873 518 372 159 612 248 245 
308 380 278 512 446 277 69 642 660 664 834 619 92 790 764 861 678 797 523 325 957 589 611 901 250 594 837 432 577 674 20 782 183 749 968 851 485 821 869 281 435 731 768 493 957 529 517 107 994 167 121 188 647 408 262 626 690 808 827 908 592 106 180 662 36 993 514 14 728 74 413 449 24 688 434 790 182 266 625 857 741 820 694 627 0 75 516 602 703 373 880 887 63 414 506 640 674 858 476 421 
619 920 531 87 153 158 871 538 515 734 296 66 470 122 493 546 318 406 358 686 624 533 448 659 66 232 180 902 34 744 247 928 633 358 873 300 805 377 423 969 617 290 105 182 506 671 522 46 723 953 978 39 70 913 293 680 723 577 977 468 550 867 997 265 111 327 265 55 798 79 740 793 743 571 47 923 788 567 488 199 168 279 307 44 75 0 450 579 520 198 218 526 516 749 792 777 839 320 333 398 
935 366 180 475 244 322 532 672 828 840 477 654 918 175 477 111 190 423 700 295 96 281 759 833 791 404 20 229 652 904 233 750 939 267 663 993 541 741 766 173 199 745 767 339 467 673 888 145 660 662 349 456 170 472 199 427 446 656 875 801 773 524 39 457 947 698 565 250 342 112 132 157 107 493 485 251 513 112 475 916 634 70 367 901 516 450 0 890 536 272 726 719 29 772 929 85 765 611 228 654 
634 850 804 817 308 56 111 777 691 152 869 305 443 75 27 291 282 578 413 145 125 254 621 452 221 723 823 553 724 30 175 737 615 180 159 868 783 632 865 155 880 781 182 22 356 813 28 255 140 282 63 872 798 155 319 767 515 572 440 906 886 864 505 342 601 537 354 800 368 171 954 502 431 444 529 942 65 987 746 311 828 178 326 219 602 579 890 0 136 36 641 691 799 707 451 140 538 457 43 231 
209 478 234 737 399 35 188 219 375 6 773 896 621 597 440 736 833 700 809 293 735 13 888 110 933 601 669 536 419 290 754 891 85 791 765 964 878 993 158 636 313 271 285 628 204 663 539 43 653 515 277 75 230 685 554 267 285 825 268 659 576 497 520 898 306 960 278 257 366 427 337 290 435 963 757 891 950 73 758 355 762 669 730 181 703 520 536 136 0 723 579 908 346 27 396 69 459 205 603 131 
638 320 795 942 186 376 826 781 268 43 363 497 337 784 309 8 51 749 556 173 907 336 18 172 745 446 699 344 297 441 485 60 129 897 193 136 821 448 191 101 721 8 666 82 209 354 288 119 791 740 685 153 853 408 124 204 966 471 731 442 88 897 495 793 912 485 935 620 810 420 695 867 410 907 283 241 331 953 284 750 118 772 768 20 373 198 272 36 723 0 274 581 134 197 590 643 459 454 825 186 
182 519 901 20 103 59 1 964 464 220 846 336 714 879 689 80 919 223 678 703 480 276 766 574 613 326 901 577 890 279 36 140 8 190 380 558 837 345 336 32 569 394 84 600 898 217 387 604 148 284 752 736 204 524 399 101 969 97 572 20 393 618 736 11 374 481 965 364 962 549 954 890 793 704 983 16 895 276 293 938 266 646 432 121 880 218 726 641 579 274 0 856 284 608 426 563 888 773 918 148 
772 236 793 548 760 55 119 612 709 968 371 396 188 452 643 878 552 935 303 556 219 204 703 927 39 493 433 310 502 228 98 532 433 391 374 346 65 61 452 106 644 209 55 327 666 64 85 902 940 224 328 512 598 625 790 248 940 418 750 147 201 655 231 863 209 128 212 119 243 654 634 616 321 623 135 568 816 688 119 778 529 927 338 764 887 526 719 691 908 581 856 0 690 86 279 615 702 18 566 782 
395 88 723 565 45 646 503 828 699 458 272 206 211 894 334 621 533 399 27 415 57 945 154 194 633 602 360 596 489 190 745 896 105 416 35 220 117 119 401 955 652 340 149 732 581 680 115 846 445 18 911 469 380 870 846 232 726 811 520 92 485 271 544 567 453 263 51 432 34 814 434 655 678 353 871 645 818 297 866 282 365 28 48 987 63 516 29 799 346 134 284 690 0 910 95 721 437 294 358 718 
378 509 12 658 158 418 926 57 685 470 136 53 35 875 694 633 974 603 748 344 901 243 608 586 762 146 995 557 674 281 576 649 452 459 404 461 668 237 228 368 833 334 818 39 783 381 916 778 487 615 893 735 230 215 341 587 764 683 260 762 896 878 867 574 62 59 440 356 456 243 667 695 275 249 36 112 897 383 581 8 553 536 272 873 414 749 772 707 27 197 608 86 910 0 215 96 830 418 113 778 
965 952 818 707 520 999 346 292 869 722 474 725 193 232 247 100 822 818 848 762 532 478 79 537 879 391 98 812 837 859 130 247 291 545 20 435 759 69 811 115 367 647 849 520 336 171 840 649 495 21 170 762 201 572 2 629 984 534 835 359 294 597 757 911 851 170 807 203 148 27 31 701 238 284 998 505 870 853 47 391 580 847 34 518 506 792 929 451 396 590 426 279 95 215 0 359 577 568 890 515 
324 357 860 902 538 351 766 182 664 121 397 361 285 9 88 109 185 57 519 134 238 687 403 773 77 153 780 224 732 420 14 719 45 117 456 180 29 232 201 511 885 661 539 394 22 691 852 378 660 603 419 76 396 853 600 280 955 126 107 177 315 290 370 275 521 52 536 987 344 705 654 511 809 875 819 689 718 243 774 323 691 22 764 372 640 777 85 140 69 643 563 615 721 96 359 0 631 430 460 511 
480 172 901 291 350 450 410 833 107 224 834 225 768 514 77 300 112 384 493 404 842 632 301 388 839 399 127 856 479 690 868 622 239 671 930 69 452 746 216 457 511 248 216 74 461 763 548 336 602 478 605 948 279 781 622 907 28 870 933 26 81 30 96 696 741 440 760 712 268 73 132 961 130 826 799 229 78 899 970 782 862 919 159 159 674 839 765 538 459 459 888 702 437 830 577 631 0 258 730 354 
930 553 224 397 367 353 755 163 105 525 235 319 880 547 757 330 86 782 141 443 505 146 770 628 677 593 822 567 376 704 560 215 665 929 671 251 520 465 982 482 861 537 654 347 72 132 424 703 33 128 149 719 40 968 51 373 22 425 37 204 307 459 567 777 950 733 153 742 963 465 598 267 418 554 815 579 689 772 769 741 577 135 297 612 858 320 611 457 205 454 773 18 294 418 568 430 258 0 226 178 
611 425 291 89 206 78 519 588 336 460 96 387 115 19 825 878 721 104 99 366 970 358 546 275 30 52 962 582 378 158 611 339 219 211 806 511 21 678 160 799 803 919 404 520 188 10 634 848 671 540 692 546 684 212 22 486 721 551 884 387 235 324 175 633 646 217 307 711 269 80 286 705 355 152 443 674 597 90 422 149 725 72 287 248 476 333 228 43 603 825 918 566 358 113 890 460 730 226 0 418 
124 686 63 109 93 899 526 280 562 924 549 510 119 452 338 378 878 32 485 918 778 677 850 351 257 246 374 392 198 185 611 839 689 548 782 660 52 861 267 703 372 425 550 26 792 415 108 364 681 70 675 114 507 105 709 551 644 721 748 4 315 963 395 371 787 445 269 401 207 610 610 583 885 41 301 992 614 137 710 988 686 598 208 245 421 398 654 231 131 186 148 782 718 778 515 511 354 178 418 0